97 115    98 97 116  97 116 97 115    118 97 111
a   s      b  a  t   a  t   a  s       v  a  o 
100 111 109 105 110 97 114   111    109 117 110 100 111
d   o    m  i   n   a  r     o        m  u   n   d   o

64 32 16 8 4 2 1 

a=1100001

1100001 1110011         1100010 1100001 1110100 1100001 1110100 1100001 1110011  
1110110 1100001 1101111         1100100 1101111
01100001 01110011       0100000 1100010 1100001 1110100 1100001 1110100 1100001 
1110011 0100000 01110110 01100001 01101111 00100000 01100100 01101111 01101101 01101001 01101110 01100001 01110010 00100000 01101111 00100000 01101101 01110101 01101110 01100100 01101111 